0 0 0.75
1.1197 -0.173807 0.75
1.83867 -0.200951 0.75
2.81156 0.037738 0.75
4.01913 0.0648629 0.75
4.9573 -0.184257 0.75
5.98 0.0850899 0.75
6.86142 0.000455549 0.75
8.11766 0.130964 0.75
9.17282 0.0731968 0.75
10.1587 -0.180901 0.75
11.2067 -0.159872 0.75
11.8268 -0.20317 0.75
13.1024 -0.0218041 0.75
13.8687 -0.020591 0.75
15.0913 0.0733465 0.75
16.0585 0.0269388 0.75
17.0583 -0.0881342 0.75
17.8524 -0.171054 0.75
18.9149 0.182125 0.75
19.8241 0.0334126 0.75
20.9983 0.129703 0.75
22.1889 0.190733 0.75
23.0718 -0.188142 0.75
24.1219 0.158899 0.75
25.1287 -0.211115 0.75
26.1586 -0.128776 0.75
27.0362 0.110956 0.75
28.0802 -0.0739115 0.75
29.1381 -0.205979 0.75
30.2144 -0.0948961 0.75
30.9622 -0.116244 0.75
31.8276 -0.0537556 0.75
33.1733 -0.11392 0.75
33.8138 -0.104713 0.75
34.8457 -0.0749779 0.75
35.8532 0.131553 0.75
37.0457 0.00127895 0.75
38.1745 0.138881 0.75
38.9317 -0.0107209 0.75
40.1634 -0.129515 0.75
41.0538 -0.104461 0.75
41.8164 0.0872651 0.75
43.1461 0.0628218 0.75
43.9168 -0.0104632 0.75
45.2022 0.0401753 0.75
46.0642 0.0782438 0.75
47.0157 0.14546 0.75
48.1538 -0.144935 0.75
48.9607 -0.0364554 0.75
50.1324 0.0947798 0.75
50.8665 0.0759236 0.75
51.9878 0.186091 0.75
52.837 -0.0800949 0.75
53.885 -0.149496 0.75
54.7861 -0.189987 0.75
55.8136 -0.0862014 0.75
57.0946 -0.213454 0.75
57.8744 0.0684096 0.75
59.0308 0.1586 0.75
59.9334 0.0075703 0.75
61.1272 -0.0155181 0.75
61.9937 -0.183533 0.75
63.0375 -0.0830634 0.75
63.9626 -0.0107616 0.75
65.0329 0.160502 0.75
65.7868 -0.0565592 0.75
67.1482 -0.0586459 0.75
67.9522 -0.00416408 0.75
68.8519 -0.155714 0.75
70.1571 -0.0898836 0.75
71.0684 -0.052496 0.75
71.8539 -0.0647212 0.75
73.1857 0.0473904 0.75
73.9689 0.0829217 0.75
75.0766 -0.019312 0.75
76.048 0.0846321 0.75
76.8031 0.166457 0.75
77.8718 0.157057 0.75
78.9266 -0.11748 0.75
80.0288 0.15353 0.75
80.8918 -0.145763 0.75
81.872 -0.140258 0.75
82.9565 -0.0891053 0.75
84.0798 -0.0527753 0.75
85.0425 -0.211423 0.75
85.91 0.209112 0.75
86.8526 0.0838712 0.75
87.7868 0.141321 0.75
89.1714 0.165919 0.75
89.8274 -0.0915659 0.75
90.9407 0.042957 0.75
92.119 -0.0692578 0.75
93.2062 -0.182939 0.75
93.9226 -0.155845 0.75
94.8833 -0.0629233 0.75
96.0832 0.172721 0.75
96.9694 0.0983246 0.75
98.2153 -0.0656872 0.75
99.163 -0.0335041 0.75
99.9618 -0.175029 0.75
101.083 0.0594534 0.75
102.175 0.194254 0.75
102.829 0.126561 0.75
104.089 -0.0675352 0.75
105.117 -0.00840052 0.75
105.842 0.0748651 0.75
106.969 -0.137729 0.75
107.883 0.122232 0.75
108.942 -0.0313498 0.75
109.943 -0.0926349 0.75
110.814 0.207374 0.75
111.98 -0.0414112 0.75
113.068 0.20554 0.75
113.803 0.074964 0.75
114.909 0.00636067 0.75
116.12 0.162873 0.75
116.968 -0.198555 0.75
117.987 -0.217391 0.75
119.017 0.0748173 0.75
119.826 -0.0967329 0.75
121.214 -0.0963258 0.75
122.069 0.177472 0.75
122.965 0.106134 0.75
124.038 -0.047925 0.75
125.102 -0.127309 0.75
126 -0.0523375 0.75
126.823 -0.173318 0.75
128.06 0.141017 0.75
128.853 0.0623465 0.75
130.146 0.161079 0.75
131.048 0.0235656 0.75
131.973 0.0715106 0.75
133.013 -0.0980728 0.75
133.803 -0.0740275 0.75
135.122 0.0711189 0.75
135.927 -0.0319563 0.75
137.116 0.0553812 0.75
138.069 0.0479862 0.75
139.212 -0.105368 0.75
140.079 0.212113 0.75
141.056 0.104905 0.75
142.13 0.0363698 0.75
142.867 0.169736 0.75
143.894 0.168112 0.75
145.183 -0.0366468 0.75
146.065 0.00799124 0.75
147.198 -0.114352 0.75
147.968 0.181736 0.75
149.061 0.08459 0.75
150.003 0.132068 0.75
150.787 -0.0259068 0.75
151.898 -0.0106345 0.75
152.783 0.120045 0.75
154.119 0.0973589 0.75
154.988 -0.0522679 0.75
156.083 0.11802 0.75
157.143 0.0346604 0.75
158.088 -0.00908352 0.75
158.938 0.0595883 0.75
159.989 0.174465 0.75
161.113 -0.0517206 0.75
162.149 0.0874306 0.75
163.017 0.0852116 0.75
164.131 0.134353 0.75
164.885 0.0373314 0.75
165.942 -0.0725889 0.75
166.799 0.211928 0.75
168.216 0.176103 0.75
169.046 0.069221 0.75
169.884 0.0376375 0.75
171.092 0.211492 0.75
172.094 -0.081341 0.75
172.977 0.000668407 0.75
173.828 0.0525495 0.75
174.907 0.0271132 0.75
176.019 0.21436 0.75
177.119 -0.109853 0.75
177.906 0.114493 0.75
179.12 -0.0531687 0.75
180.087 0.101567 0.75
181.02 0.05371 0.75
182.177 -0.162879 0.75
182.854 0.118691 0.75
184.086 -0.210144 0.75
184.81 0.119187 0.75
186.122 0.213659 0.75
187.013 -0.202141 0.75
187.834 0.109749 0.75
188.985 -0.147463 0.75
189.83 -0.144477 0.75
190.995 -0.191629 0.75
191.799 -1.27468e-06 0.75
192.968 0.0265418 0.75
193.796 -0.106801 0.75
195.096 -0.215386 0.75
195.91 0.122583 0.75
196.904 0.0685076 0.75
197.974 -0.144396 0.75
199 0 0.75
