0.997893
0.99758
0.993746
0.993594
0.987114
0.987096
0.983058
0.983019
0.976633
0.976664
0.9726
0.972563
0.965778
0.965744
0.961804
0.961585
0.95426
0.954805
0.950264
0.950668
0.944879
0.944925
0.940641
0.941029
0.934788
0.934386
0.93058
0.930461
0.925053
0.924743
0.921078
0.920584
0.915521
0.915991
0.911524
0.911854
0.906109
0.905966
0.902005
0.901937
0.895316
0.895448
0.891149
0.891483
0.88544
0.884673
0.881426
0.880554
0.874431
0.874919
0.870483
0.870734
0.864321
0.864073
0.860297
0.859964
0.854454
0.854774
0.850411
0.850684
0.84418
0.844094
0.840029
0.840112
0.833944
0.833743
0.829851
0.829702
0.823766
0.824148
0.819533
0.820248
0.81575
0.814543
0.811653
0.810506
0.805593
0.806181
0.801637
0.802005
0.794529
0.794228
0.790593
0.790032
0.782842
0.783856
0.778768
0.779797
0.774437
0.773766
0.770048
0.770022
0.765407
0.764864
0.761326
0.760812
0.754335
0.754533
0.750361
0.750373
0.743886
0.743725
0.739987
0.739491
0.733772
0.734511
0.729661
0.730489
0.724648
0.723975
0.720389
0.720101
0.713404
0.713263
0.709433
0.709101
0.702715
0.703151
0.698826
0.698906
0.692851
0.693146
0.688709
0.689154
0.683423
0.68292
0.679209
0.679001
0.673573
0.67366
0.669407
0.669693
0.662896
0.662465
0.658878
0.65835
0.65173
0.652279
0.647784
0.648093
0.642292
0.642207
0.638204
0.638161
0.632575
0.632437
0.628595
0.628284
0.621946
0.622332
0.617895
0.618249
0.612416
0.612206
0.608238
0.608251
0.60248
0.602391
0.598355
0.598383
0.59248
0.592577
0.588285
0.588639
0.583127
0.582618
0.57907
0.578542
0.573033
0.573307
0.569167
0.569039
0.561987
0.562306
0.557851
0.558309
0.552076
0.550727
0.548151
0.546519
0.541848
0.543223
0.537936
0.539002
0.533263
0.532746
0.528984
0.528891
0.52358
0.52336
0.519479
0.519328
0.51253
0.512575
0.508477
0.508495
0.501342
0.501524
0.497162
0.497571
0.491411
0.490609
0.487525
0.486362
0.481186
0.482842
0.477289
0.478606
0.47224
0.472
0.467894
0.468212
0.461204
0.460496
0.457122
0.456445
0.451191
0.451765
0.447342
0.447481
0.44222
0.442347
0.438226
0.438208
0.430732
0.430742
0.42674
0.4266
0.420181
0.421026
0.415938
0.417136
0.410701
0.410075
0.406636
0.406006
0.399572
0.400768
0.395691
0.396516
0.39062
0.390558
0.386411
0.386634
0.380255
0.379727
0.376194
0.375655
0.370107
0.370775
0.366005
0.366744
0.359326
0.358993
0.355236
0.354949
0.347487
0.348202
0.343367
0.344188
0.339864
0.338505
0.335964
0.334272
0.329608
0.330906
0.32566
0.326722
0.320327
0.31975
0.316019
0.315925
0.310234
0.309729
0.306283
0.305548
0.299741
0.30063
0.295693
0.296545
0.290522
0.290005
0.286278
0.286116
0.280367
0.280038
0.276416
0.275856
0.269611
0.270107
0.265649
0.265936
0.259432
0.259508
0.255228
0.255579
0.248592
0.248208
0.244543
0.244125
0.237935
0.238842
0.233867
0.234777
0.228937
0.228458
0.224849
0.224413
0.2175
0.218061
0.213424
0.214004
0.208663
0.208025
0.20456
0.203995
0.19872
0.198749
0.194889
0.194447
0.187713
0.188464
0.183613
0.18443
0.177434
0.176774
0.173222
0.172852
0.166957
0.167429
0.162783
0.163469
0.159043
0.15795
0.155107
0.153752
0.148267
0.149227
0.14433
0.145031
0.138058
0.137813
0.133753
0.133985
0.128131
0.127456
0.124081
0.123373
0.117656
0.118248
0.113681
0.11409
0.107383
0.107276
0.103247
0.103279
0.0974894
0.0969084
0.0936283
0.0926363
0.0873704
0.0884915
0.083321
0.0844077
0.0773711
0.0766963
0.0732283
0.072706
0.0667476
0.067456
0.0627332
0.0633373
0.0575811
0.0573076
0.0534974
0.0532582
0.047083
0.0474079
0.0430119
0.0433459
0.0374721
0.0372661
0.0333674
0.0332377
0.0274809
0.0275119
0.0234478
0.0234119
0.0179888
0.0180737
0.0139237
0.0140057
0.0075688
0.00749534
0.00350607
0.00342494
