0.764706 9.31461
0.779412 9.41753
0.794118 9.52116
0.808824 9.62555
0.823529 9.73072
0.838235 9.8367
0.852941 9.94353
0.867647 10.0512
0.882353 10.1599
0.897059 10.2695
0.911765 10.3801
0.926471 10.4917
0.941176 10.6045
0.955882 10.7184
0.970588 10.8335
0.985294 10.9499
1 11.0675
1.01471 11.1866
1.02941 11.3072
1.04412 11.4293
1.05882 11.553
1.07353 11.6785
1.08824 11.8057
1.10294 11.9349
1.11765 12.0661
1.13235 12.1995
1.14706 12.3353
1.16176 12.4735
1.17647 12.6143
1.19118 12.758
1.20588 12.9047
1.22059 13.0548
1.23529 13.2084
1.25 13.366
1.26471 13.5278
1.27941 13.6943
1.29412 13.8661
1.30882 14.0436
1.32353 14.2276
1.33824 14.4189
1.35294 14.6186
1.36765 14.828
1.38235 15.0489
1.39706 15.2835
1.41176 15.5349
1.42647 15.8075
1.44118 16.1084
1.45588 16.449
1.47059 16.852
1.48529 17.3759
