0.99817
0.998429
0.996177
0.996374
0.993535
0.993549
0.991399
0.991637
0.989256
0.988918
0.987211
0.986916
0.983684
0.983759
0.981755
0.98164
0.978222
0.978639
0.976143
0.97667
0.973834
0.973332
0.971771
0.971348
0.968597
0.968958
0.96661
0.966898
0.963541
0.963405
0.961518
0.96138
0.957827
0.957892
0.955885
0.955787
0.952641
0.952903
0.950602
0.950894
0.947837
0.94761
0.945763
0.945636
0.943188
0.943354
0.94112
0.941374
0.938398
0.938249
0.936358
0.936241
0.933058
0.933213
0.931052
0.931171
0.928126
0.928058
0.926118
0.926018
0.922681
0.922764
0.920706
0.920691
0.917749
0.917838
0.915729
0.915809
0.913069
0.91322
0.910927
0.911315
0.908641
0.908181
0.906623
0.906151
0.903255
0.903748
0.90129
0.901665
0.898422
0.89827
0.896365
0.896279
0.892675
0.892595
0.890744
0.890478
0.887167
0.887792
0.885082
0.885829
0.883074
0.882372
0.881036
0.880363
0.877395
0.878012
0.875412
0.875946
0.872795
0.872524
0.870634
0.870637
0.867987
0.867622
0.866023
0.865537
0.862833
0.8632
0.860901
0.861083
0.857778
0.857831
0.855695
0.855865
0.852695
0.852479
0.850644
0.850481
0.847808
0.847963
0.845791
0.845932
0.843626
0.843499
0.841607
0.841469
0.838009
0.838073
0.835992
0.836042
0.832892
0.832847
0.830841
0.83085
0.828404
0.828428
0.826335
0.826449
0.823465
0.823228
0.821471
0.821174
0.81786
0.818107
0.815857
0.816062
0.81249
0.812256
0.810493
0.810205
0.807411
0.807761
0.805446
0.805678
0.802514
0.802505
0.800443
0.800528
0.797272
0.797227
0.795156
0.795295
0.793032
0.792683
0.791013
0.790654
0.787499
0.787618
0.785532
0.785536
0.782165
0.782304
0.780126
0.780294
0.777076
0.777002
0.775025
0.775005
0.771695
0.771683
0.769669
0.76966
0.76709
0.766968
0.765138
0.764872
0.7617
0.762022
0.759659
0.760014
0.757146
0.756779
0.755024
0.754852
0.75197
0.751922
0.749971
0.749873
0.746979
0.74716
0.744968
0.745123
0.742389
0.742206
0.740432
0.740115
0.737154
0.737611
0.735173
0.735544
0.732615
0.732465
0.73053
0.730502
0.727636
0.727646
0.725563
0.72567
0.72288
0.722699
0.72086
0.72067
0.717072
0.717256
0.715
0.71528
0.712267
0.71174
0.710201
0.709757
0.707002
0.707106
0.705086
0.704973
0.701816
0.702102
0.699827
0.700043
0.696812
0.696698
0.694793
0.694669
0.691482
0.691741
0.689421
0.689754
0.686924
0.686693
0.684831
0.684738
0.681863
0.681871
0.679824
0.679862
0.676954
0.676769
0.675016
0.674659
0.671954
0.672504
0.66998
0.67043
0.666889
0.666783
0.664816
0.664807
0.661445
0.661283
0.659464
0.659215
0.656761
0.657054
0.654745
0.655022
0.651506
0.651395
0.649446
0.649406
0.645971
0.645954
0.64396
0.643917
0.641453
0.64155
0.639418
0.639537
0.636172
0.636114
0.634141
0.634097
0.63079
0.630774
0.628812
0.628702
0.625884
0.62605
0.623847
0.624039
0.620929
0.620761
0.618859
0.618783
0.616349
0.616271
0.614361
0.614211
0.6116
0.611637
0.60966
0.609529
0.606221
0.606547
0.604149
0.604571
0.601384
0.600892
0.599379
0.59885
0.595967
0.596585
0.593995
0.594509
0.591682
0.591443
0.589568
0.589508
0.586493
0.586429
0.584457
0.584416
0.5811
0.58107
0.579112
0.57901
0.575755
0.576113
0.573629
0.57419
0.57169
0.570961
0.569658
0.568945
0.566461
0.567002
0.564531
0.564884
0.562047
0.561902
0.559998
0.559902
0.556219
0.556194
0.554256
0.554108
0.550604
0.551213
0.548548
0.549222
0.54656
0.546151
0.544473
0.54419
0.540749
0.540872
0.538764
0.538808
0.535262
0.535324
0.533203
0.533335
0.530685
0.530565
0.528594
0.528607
0.526206
0.526157
0.524138
0.524177
0.520886
0.520753
0.518902
0.518689
0.515523
0.515759
0.513586
0.513648
0.510285
0.510364
0.508246
0.508354
0.505021
0.504824
0.503001
0.502796
0.50021
0.500553
0.498133
0.498582
0.495697
0.495398
0.493609
0.493438
0.490117
0.49009
0.488168
0.48799
0.485418
0.485658
0.483482
0.483546
0.480495
0.480588
0.478446
0.47859
0.475043
0.474884
0.472961
0.472918
0.470478
0.470284
0.468514
0.4682
0.465464
0.465796
0.463411
0.4638
0.460863
0.460332
0.458832
0.458315
0.455526
0.455866
0.453569
0.453774
0.450553
0.450621
0.448423
0.448703
0.446125
0.445576
0.44413
0.443522
0.440604
0.441044
0.438605
0.438995
0.435564
0.435159
0.433542
0.433132
0.430481
0.430917
0.428532
0.428818
0.42595
0.42594
0.423871
0.423971
0.420453
0.420219
0.418495
0.418128
0.414933
0.415544
0.412935
0.413494
0.410574
0.410369
0.408394
0.408501
0.405593
0.405191
0.403607
0.403129
0.400477
0.401011
0.398528
0.398912
0.39519
0.395151
0.393097
0.393197
0.389731
0.389303
0.387738
0.387247
0.384846
0.38517
0.382944
0.383024
0.38
0.380109
0.377984
0.378078
0.374801
0.374795
0.372726
0.372822
0.369996
0.369774
0.36798
0.367742
0.365222
0.365576
0.363153
0.363596
0.360376
0.360087
0.358343
0.358071
0.354904
0.355288
0.352928
0.353216
0.3499
0.349785
0.34789
0.347746
0.344284
0.344548
0.342268
0.342516
0.339865
0.339628
0.337844
0.337601
0.334715
0.334938
0.332688
0.332917
0.330206
0.330054
0.328108
0.328104
0.324837
0.324747
0.322834
0.322701
0.319303
0.319601
0.317288
0.317568
0.31451
0.314366
0.312466
0.312361
0.30915
0.309179
0.30717
0.307111
0.303877
0.304086
0.30178
0.302135
0.299297
0.298704
0.297271
0.296682
0.294143
0.29453
0.292215
0.29241
0.289215
0.289278
0.287132
0.287312
0.284754
0.284417
0.282715
0.282408
0.279958
0.280046
0.278012
0.277944
0.27427
0.274398
0.27224
0.27238
0.269042
0.268814
0.266997
0.26681
0.263788
0.264002
0.261693
0.262049
0.259414
0.258783
0.257386
0.256764
0.254201
0.254554
0.252251
0.252456
0.249412
0.249239
0.247423
0.247179
0.244662
0.244997
0.242644
0.242966
0.240067
0.239954
0.237967
0.238006
0.235116
0.234918
0.233096
0.23289
0.229464
0.229525
0.227491
0.22745
0.223861
0.224119
0.221793
0.222139
0.219237
0.218933
0.217191
0.21693
0.21373
0.213909
0.211746
0.211844
0.208803
0.208836
0.206738
0.206853
0.204266
0.204139
0.202202
0.202155
0.199431
0.199312
0.197467
0.197227
0.193917
0.19422
0.191889
0.1922
0.188943
0.188652
0.186875
0.186672
0.183917
0.184033
0.181915
0.181986
0.179043
0.17897
0.177053
0.176912
0.174133
0.174333
0.172143
0.172275
0.169484
0.169598
0.167357
0.167677
0.165004
0.164488
0.162952
0.162492
0.15893
0.159039
0.156965
0.156956
0.153191
0.153337
0.151164
0.151316
0.14886
0.148838
0.146767
0.146884
0.143831
0.143617
0.14185
0.14155
0.138115
0.138564
0.136097
0.136534
0.133748
0.13341
0.131637
0.131473
0.129069
0.129033
0.127063
0.126991
0.124125
0.124238
0.122083
0.122232
0.118954
0.11871
0.116984
0.116632
0.113233
0.113686
0.111185
0.111686
0.10906
0.108383
0.106995
0.1064
0.103553
0.103846
0.101548
0.101804
0.0985081
0.0982007
0.0964729
0.0961877
0.0934938
0.0936302
0.0915486
0.0915272
0.0882463
0.0884812
0.0861374
0.0865418
0.0841285
0.0832812
0.082117
0.0812445
0.0786263
0.0791109
0.0765896
0.0770993
0.0743741
0.0735872
0.0722671
0.071646
0.0686983
0.0687837
0.0668132
0.0666205
0.0629323
0.0636181
0.0608384
0.0616637
0.0594443
0.0585128
0.0573612
0.0565477
0.0538687
0.0542773
0.0519093
0.0521884
0.0491336
0.0489438
0.0470623
0.046967
0.0439631
0.0440407
0.0418838
0.0420717
0.0392237
0.0388708
0.0371852
0.0368611
0.0340202
0.0341082
0.0320808
0.0319993
0.028944
0.0291697
0.0269494
0.0271161
0.0236804
0.023722
0.0215602
0.021794
0.01873
0.0181192
0.0167072
0.0160937
0.0136489
0.0139631
0.0117656
0.0117981
0.00856491
0.00879782
0.00650845
0.00680604
0.0037137
0.00337227
0.00167164
0.00136609
