0.135963 2.72206
0.131603 2.80146
0.12826 2.56153
0.186696 2.41117
0.12826 2.56153
0.046181 2.70105
0.0422861 2.70656
0.130968 1.69166
0.18576 1.83327
0.223519 2.0219
1.37857 3.09679
1.37551 3.10682
1.36557 3.13796
1.33916 3.21235
1.28739 3.33401
1.18326 3.52329
1.17872 3.5304
1.10411 3.63759
0.838885 3.91798
0.814976 3.93781
0.0269123 4.29937
0.575957 1.09157
0.874979 1.30615
0.876877 1.30785
1.21133 1.71529
1.26859 1.82014
1.3493 2.00775
1.36745 2.06056
1.43457 2.3478
1.45251 2.58996
1.43457 2.3478
1.34608 2.75751
1.2232 3.02649
1.21932 3.03328
1.02553 3.30319
0.921455 3.41093
0.878656 3.45002
0.336168 3.76923
0.111409 0.578491
0.805801 0.899469
1.0454 1.12987
1.06122 1.14876
1.35893 1.69045
1.41937 1.93971
1.42932 2.01085
1.43708 2.09512
1.1413 2.82189
1.10286 2.95796
0.938825 3.28346
0.866177 3.37899
0.83995 3.40946
0.315917 3.76983
0.324422 1.29427
0.392125 1.32246
0.703469 1.5183
0.731885 1.54298
0.91342 1.74192
1.12391 2.17046
1.16206 2.35474
1.16735 2.40014
1.52095 3.15184
1.44187 3.33196
1.44153 3.33261
1.42579 3.36165
1.41485 3.38091
1.29617 3.5544
1.17762 3.68459
0.814976 3.93781
0.324422 1.29427
0.404662 1.30331
0.782299 1.41303
0.796744 1.41966
1.21133 1.71529
1.28351 1.79615
1.40705 1.9719
1.42932 2.01085
1.5077 2.17871
1.56919 2.38172
2.10424 1.97299
2.06966 2.29395
1.99936 2.54996
1.9522 2.66955
1.79203 2.96155
1.62675 3.172
1.46223 3.33133
1.45079 3.34102
1.42579 3.36165
1.4122 3.37255
1.27637 3.4707
1.18832 3.5249
1.17872 3.5304
1.04841 3.59782
0.336168 3.76923
0.315917 3.76983
0.698276 0.155844
1.57355 0.648002
1.75369 0.859673
1.75523 0.861792
1.75964 0.867886
1.97938 1.27231
1.49289 1.54696
1.46048 1.80304
1.41937 1.93971
1.40705 1.9719
1.37934 2.03588
1.36745 2.06056
1.16206 2.35474
1.14493 2.37245
1.08931 2.42531
0.794366 2.61915
0.475773 2.71641
0.290547 2.73141
0.135963 2.72206
0.0520842 2.70854
0.0422861 2.70656
0.398751 0.322484
1.183 0.716546
1.34639 0.947539
1.36204 0.977277
1.4859 1.39267
1.37857 3.09679
1.37771 3.10766
1.36962 3.17561
1.35824 3.237
1.33168 3.33508
1.27637 3.4707
1.23875 3.53979
1.14898 3.66698
0.838885 3.91798
0.160154 2.03327
0.223519 2.0219
0.481056 2.01725
0.629105 2.04485
1.09716 2.31941
1.14493 2.37245
1.16735 2.40014
1.34608 2.75751
1.37152 2.88161
1.7817 3.18365
1.76524 3.28214
1.68967 3.52838
1.66109 3.59255
1.59147 3.72038
1.51304 3.83415
0.0269123 4.29937
0.130968 1.69166
0.227086 1.67283
0.613603 1.66741
0.68079 1.67786
0.91342 1.74192
1.22154 1.90512
1.3493 2.00775
1.37934 2.03588
1.43708 2.09512
1.5077 2.17871
1.60908 2.32877
1.79203 2.96155
2.91386 3.56705
2.91229 3.56285
2.80569 3.00804
2.80626 2.91297
2.80946 2.85171
2.87707 2.90472
2.86138 2.9291
2.80569 3.00804
2.28705 3.43849
1.79244 3.58394
1.66109 3.59255
1.5045 3.58746
1.29617 3.5544
1.23875 3.53979
1.18832 3.5249
1.18326 3.52329
0.921455 3.41093
0.866177 3.37899
0.747343 3.29867
0.566557 3.13846
0.290547 2.73141
0.186696 2.41117
0.160154 2.03327
0.18576 1.83327
0.227086 1.67283
0.392125 1.32246
0.404662 1.30331
0.575957 1.09157
0.805801 0.899469
1.183 0.716546
1.57355 0.648002
1.94751 0.681395
2.55981 0.976981
2.6939 1.10055
2.88826 1.3531
2.95063 2.10281
2.72791 2.70949
2.54273 2.90801
2.15862 3.12408
2.08635 3.14558
1.7817 3.18365
1.62675 3.172
1.52095 3.15184
1.37771 3.10766
1.37551 3.10682
1.36288 3.1019
1.22967 3.03905
1.21932 3.03328
1.10286 2.95796
0.794366 2.61915
0.629105 2.04485
0.68079 1.67786
0.731885 1.54298
0.796744 1.41966
0.86186 1.32329
0.874979 1.30615
1.0454 1.12987
1.34639 0.947539
1.75369 0.859673
1.75716 0.859566
1.8336 0.859843
2.64062 1.22803
2.67872 1.2709
2.893 1.65132
2.95333 2.00234
2.93233 3.55202
2.91386 3.56705
2.70885 3.70556
1.74606 3.88631
1.51304 3.83415
1.17762 3.68459
1.14898 3.66698
1.10411 3.63759
1.04841 3.59782
0.878656 3.45002
0.83995 3.40946
0.747343 3.29867
0.672424 3.19048
0.475773 2.71641
0.481056 2.01725
0.613603 1.66741
0.703469 1.5183
0.782299 1.41303
0.86186 1.32329
0.876877 1.30785
1.06122 1.14876
1.36204 0.977277
1.74875 0.86938
1.75964 0.867886
1.8336 0.859843
2.55981 0.976981
2.71598 1.05455
2.93762 1.20844
2.93233 3.55202
2.91229 3.56285
2.62304 3.67224
1.79244 3.58394
1.68967 3.52838
1.45079 3.34102
1.44245 3.33256
1.44187 3.33196
1.38546 3.27011
1.35824 3.237
1.33916 3.21235
1.22967 3.03905
1.2232 3.02649
1.1413 2.82189
1.08931 2.42531
1.09716 2.31941
1.12391 2.17046
1.22154 1.90512
1.26859 1.82014
1.28351 1.79615
1.35893 1.69045
1.45721 1.58091
1.49289 1.54696
1.97938 1.27231
2.62979 1.25773
2.67872 1.2709
2.88826 1.3531
2.98319 1.40599
1.74606 3.88631
1.59147 3.72038
1.5045 3.58746
1.41485 3.38091
1.4122 3.37255
1.40104 3.33437
1.38546 3.27011
1.36962 3.17561
1.36557 3.13796
1.36288 3.1019
1.37152 2.88161
1.45251 2.58996
1.56919 2.38172
1.60908 2.32877
1.62698 2.30696
2.10424 1.97299
2.33649 1.91509
2.52468 1.90473
2.95333 2.00234
2.97217 2.01095
2.87707 2.90472
2.84714 2.90871
2.80626 2.91297
2.54273 2.90801
2.47174 2.89701
1.9886 2.69579
1.9522 2.66955
1.62698 2.30696
1.46048 1.80304
1.45721 1.58091
1.4859 1.39267
1.74875 0.86938
1.75523 0.861792
1.75716 0.859566
1.94751 0.681395
2.46248 0.452161
2.70885 3.70556
2.62304 3.67224
2.28705 3.43849
2.09269 3.15906
2.08635 3.14558
1.9886 2.69579
1.99936 2.54996
2.06966 2.29395
2.33649 1.91509
2.5267 1.7775
2.893 1.65132
2.86138 2.9291
2.84714 2.90871
2.80946 2.85171
2.72791 2.70949
2.69569 2.64379
2.52468 1.90473
2.5267 1.7775
2.62979 1.25773
2.64062 1.22803
2.6939 1.10055
2.71598 1.05455
2.80719 0.892364
2.97217 2.01095
2.95063 2.10281
2.69569 2.64379
2.47174 2.89701
2.15862 3.12408
2.09269 3.15906
1.76524 3.28214
1.46223 3.33133
1.44245 3.33256
1.44153 3.33261
1.40104 3.33437
1.33168 3.33508
1.28739 3.33401
1.02553 3.30319
0.938825 3.28346
0.672424 3.19048
0.566557 3.13846
0.131603 2.80146
0.0520842 2.70854
0.046181 2.70105
0.111409 0.578491
0.398751 0.322484
0.698276 0.155844
2.46248 0.452161
2.80719 0.892364
2.93762 1.20844
2.98319 1.40599
