0.984387
0.98466
0.987842
0.968302
0.981275
0.993228
0.993787
0.977792
0.966562
0.963375
0.641848
0.641851
0.642864
0.648897
0.663702
0.692872
0.694262
0.717442
0.80013
0.806658
0.994132
0.84712
0.769462
0.769044
0.704773
0.690372
0.67584
0.672216
0.655313
0.638143
0.668736
0.682262
0.693641
0.69431
0.737957
0.76164
0.772776
0.918627
0.972088
0.79057
0.72724
0.723849
0.669581
0.663833
0.663647
0.663991
0.724023
0.729759
0.765296
0.780917
0.787801
0.926944
0.914829
0.89649
0.81819
0.812023
0.782552
0.738081
0.731186
0.730202
0.611931
0.619328
0.619385
0.622795
0.625447
0.661062
0.6966
0.802899
0.910563
0.888017
0.790712
0.787416
0.70383
0.686031
0.661557
0.656982
0.63684
0.615263
0.36843
0.363903
0.385643
0.407971
0.491433
0.546121
0.595126
0.59845
0.606367
0.610336
0.654088
0.678825
0.681664
0.717453
0.914058
0.919366
0.803871
0.544112
0.48058
0.480032
0.478896
0.422905
0.599832
0.617646
0.644043
0.649732
0.660416
0.664548
0.716104
0.71926
0.728483
0.785498
0.858563
0.910054
0.959476
0.98446
0.987424
0.896321
0.688218
0.636661
0.632232
0.597241
0.648748
0.648238
0.647605
0.650239
0.658865
0.675846
0.686672
0.714263
0.803765
0.950723
0.934307
0.860951
0.826634
0.735624
0.727174
0.723239
0.676017
0.660344
0.528091
0.528026
0.53764
0.5439
0.562468
0.589463
0.993131
0.960876
0.931104
0.826093
0.81043
0.765945
0.695762
0.669621
0.662804
0.649297
0.62982
0.596298
0.537505
0.0160108
0.0162717
0.0399137
0.0395247
0.0375366
0.0562182
0.0625758
0.0856562
0.279205
0.458282
0.505512
0.555725
0.628653
0.647202
0.661587
0.662949
0.727553
0.739832
0.761532
0.799485
0.867951
0.900496
0.91138
0.909222
0.897945
0.85864
0.855459
0.808655
0.745621
0.638351
0.517092
0.39214
0.190097
0.138658
0.059558
0.115615
0.182758
0.23599
0.353912
0.374583
0.486456
0.53648
0.5701
0.610634
0.611181
0.613918
0.646183
0.648799
0.673118
0.727818
0.764635
0.764232
0.757407
0.743201
0.726199
0.722961
0.674674
0.586664
0.461347
0.460244
0.438874
0.196844
0.18603
0.126511
0.110947
0.0268835
0.0340265
0.112779
0.45362
0.541426
0.658977
0.668448
0.681098
0.694754
0.73459
0.742363
0.755825
0.767342
0.8004
0.80459
0.785679
0.769856
0.751548
0.730154
0.726399
0.673496
0.580714
0.45231
0.449121
0.425313
0.177535
0.117156
0.0290489
0.0254233
0.0327477
0.137519
0.445128
0.485791
0.575909
0.579159
0.579375
0.597745
0.607564
0.613376
0.644338
0.646443
0.668917
0.687688
0.688318
0.682054
0.654455
0.640979
0.635665
0.604686
0.560017
0.547717
0.377633
0.149146
0.133011
0.0493
0.00781273
0.428035
0.494708
0.530598
0.575845
0.57717
0.581859
0.588078
0.596165
0.597412
0.59696
0.590451
0.560283
0.5179
0.499696
0.489221
0.306378
0.21707
0.154137
0.0209817
0.0128827
0.0436462
0.053781
0.0678425
0.165667
0.187229
0.319042
0.331362
0.428382
0.50169
0.506386
0.500188
0.423592
0.422012
0.421376
0.35472
0.188341
0.0889764
0.114345
0.218273
0.283703
0.285327
0.294501
0.293803
0.268088
0.178195
0.123785
0.0345322
0.0429159
0.0472472
0.0586966
0.0896487
0.0966459
0.121565
0.12157
0.120412
0.119435
0.104465
0.0971934
0.0669483
0.0385232
0.059528
0.159657
0.237378
0.345798
0.366069
0.490106
0.58725
0.593356
0.593654
0.605675
0.6279
0.640723
0.711055
0.732359
0.79073
0.817867
0.955175
0.981954
0.984016
0.960215
0.869864
0.780346
0.243231
0.114391
0.0520862
0.0198603
