0 4.24385 8.18754 0.863773 1
1 8.79381 8.14326 0.783466 1
2 6.85451 1.43995 0.908805 1
3 4.294 2.88832 0.75047 1
4 2.57467 8.90702 0.772908 1
5 9.9728 3.97314 0.917703 1
6 4.98574 5.99004 0.938005 1
7 9.40436 6.1412 0.794698 1
8 8.93553 1.95899 0.835183 1
9 8.20269 1.77647 0.821425 1
10 0.763098 7.15878 0.870877 1
11 1.03355 3.27365 0.789215 1
12 1.36353 1.19632 0.89954 1
13 5.50231 1.52258 0.951801 1
14 8.8498 7.2528 0.949591 1
15 1.13143 3.92483 0.831507 1
16 0.404523 1.6891 0.828305 1
17 7.75851 1.27822 0.776934 1
18 10.6741 6.87374 0.955627 1
19 9.17509 2.7702 0.897126 1
20 1.68919 3.6031 0.7618 1
21 3.27381 7.56342 0.835015 1
22 2.16749 2.14546 0.756713 1
23 7.08764 3.32431 0.777235 1
24 8.93225 2.42197 0.985957 1
25 6.20596 2.62871 0.809415 1
26 -0.363735 7.49323 0.917722 1
27 7.48233 4.14724 0.997168 1
28 5.06909 7.49583 0.804352 1
29 3.81805 1.25412 0.968405 1
30 8.38142 4.38221 0.886149 1
31 8.67386 6.93778 0.78523 1
32 4.9718 8.95392 0.876334 1
33 -0.671404 2.40422 0.971719 1
34 0.447432 6.76313 0.752519 1
35 9.27567 4.95605 0.993272 1
36 0.988965 4.86474 0.760874 1
37 9.71951 1.70089 0.938417 1
38 7.40262 6.87641 0.863297 1
39 7.12541 5.32539 0.979583 1
40 -0.405951 4.88744 0.985144 1
41 7.08553 5.76485 0.978759 1
42 -0.199062 6.82507 0.811568 1
43 1.44949 6.63899 0.907578 1
44 4.93324 1.70098 0.864271 1
45 2.83091 3.1019 0.814628 1
46 -0.282432 3.30858 0.951775 1
47 8.2949 8.43521 0.791535 1
48 5.18358 1.13899 0.981112 1
49 7.61642 8.23799 0.994453 1
50 6.91213 3.05625 0.914944 1
51 5.24805 5.5149 0.82284 1
52 3.89957 3.64068 0.810181 1
53 7.12584 4.66312 0.952297 1
54 6.58406 6.27657 0.793101 1
55 8.68774 1.48316 0.757856 1
56 3.54745 5.36815 0.919599 1
57 -0.622341 8.21845 0.822457 1
58 1.8767 5.49272 0.893354 1
59 1.79602 1.98773 0.840243 1
60 5.19582 8.0673 0.912758 1
61 10.3471 1.78592 0.977709 1
62 10.1494 5.60826 0.924343 1
63 10.8395 5.70701 0.947689 1
64 2.3442 6.7675 0.769913 1
65 -0.520087 9.13572 0.80602 1
66 10.0489 8.10029 0.929066 1
67 0.743097 6.37637 0.830283 1
68 0.196361 0.909431 0.827839 1
69 0.20581 9.01646 0.782499 1
70 9.82021 2.48482 0.893917 1
71 2.13489 1.16505 0.780669 1
72 3.00532 4.18509 0.863744 1
73 10.3906 2.80549 0.897498 1
74 2.68927 6.52463 0.932297 1
75 3.53065 1.82658 0.952172 1
76 5.6329 7.91845 0.828142 1
77 2.48735 2.81478 0.988937 1
78 8.99035 3.35487 0.855921 1
79 10.4358 6.92881 0.761358 1
80 5.91363 5.54897 0.921564 1
81 1.79057 6.09945 0.995079 1
82 4.54121 1.46681 0.970587 1
83 5.34096 7.45922 0.975913 1
84 0.423828 6.11015 0.989881 1
85 3.42762 6.99402 0.925648 1
86 1.3444 4.9088 0.771191 1
87 -0.0838423 1.1867 0.850854 1
88 5.6644 3.12857 0.781291 1
89 0.719361 7.78082 0.87973 1
90 1.76529 2.31654 0.832611 1
91 0.825027 4.9032 0.809773 1
92 5.24595 5.30514 0.875981 1
93 8.87184 6.89385 0.761277 1
94 0.0448558 6.2186 0.978936 1
95 8.99367 4.97702 0.892939 1
96 8.09507 8.28983 0.789387 1
97 7.30604 4.71209 0.919925 1
98 6.19552 2.57656 0.955193 1
99 -0.339855 0.940694 0.89662 1
