8.18875 6.37977 1.44383 1
8.25812 7.29931 1.46005 1
2.69952 2.86057 1.6967 1
2.02335 7.19513 1.5404 1
6.78885 4.96276 1.07612 1
1.97955 8.18938 1.33442 1
2.73224 5.75879 1.33422 1
3.60433 7.35415 1.21578 1
4.68149 8.24142 1.54456 1
1.56548 8.10838 1.27902 1
1.6636 7.46619 1.59165 1
6.57923 7.06776 1.8798 1
5.17189 3.12197 1.41352 1
1.55336 2.88755 1.28344 1
6.4043 1.09373 1.0084 1
2.67871 2.48823 1.44474 1
1.96712 5.56058 1.74564 1
5.43795 6.83631 1.62158 1
3.93927 3.75184 1.59178 1
7.52781 7.73428 1.0246 1
4.36023 5.90083 1.94146 1
5.43329 7.02806 1.91494 1
4.72891 6.76533 1.63008 1
4.30479 3.23363 1.33254 1
3.10044 2.43421 1.19575 1
7.91991 7.40333 1.59072 1
6.58483 3.09351 1.28694 1
3.14578 2.17105 1.64828 1
2.16791 4.86017 1.25175 1
6.61726 8.46651 1.36906 1
4.05515 3.20712 1.68033 1
2.24777 5.23696 1.73631 1
7.41815 5.63235 1.10751 1
4.60143 6.25252 1.51755 1
1.80277 2.52318 1.50144 1
5.76172 4.95978 1.46411 1
2.70653 6.64295 1.15137 1
4.73985 3.12508 1.75481 1
7.42215 2.1733 1.88721 1
6.63591 6.80547 1.14261 1
6.37123 2.26638 1.39475 1
6.55723 4.54133 1.79532 1
4.06119 4.14399 1.5345 1
4.91418 2.37097 1.42039 1
5.34084 7.15679 1.57831 1
2.01868 7.58244 1.04619 1
5.59905 7.19004 1.12322 1
2.50719 2.07349 1.56489 1
1.74996 6.54371 1.52748 1
4.44792 5.04153 1.33968 1
3.97593 7.39286 1.24565 1
3.06233 4.32789 1.27415 1
2.48247 7.77667 1.82961 1
4.35289 5.72219 1.93423 1
3.41764 7.72617 1.87665 1
1.80727 6.27132 1.76143 1
1.86395 4.13281 1.25561 1
3.45719 8.07294 1.57152 1
4.54912 5.37568 1.70021 1
5.20106 3.27886 1.30214 1
7.50632 2.19287 1.86115 1
2.02068 7.68363 1.52148 1
6.48084 7.88304 1.62552 1
7.14579 3.60517 1.4392 1
4.52241 7.68646 1.82576 1
1.90563 5.67495 1.66254 1
2.96081 5.53392 1.96948 1
6.50549 1.96364 1.48231 1
6.44675 7.6013 1.66229 1
7.70337 3.32118 1.49996 1
7.70976 3.19705 1.47296 1
2.03606 5.2308 1.74198 1
6.19019 3.7829 1.73479 1
8.37926 7.18778 1.41752 1
4.29911 6.40848 1.68851 1
5.0764 5.59082 1.56823 1
2.41018 4.21086 1.54446 1
3.90423 4.3758 1.99701 1
7.75117 4.86205 1.87893 1
7.89894 7.92161 1.87219 1
3.30203 4.48408 1.37163 1
2.00533 2.02375 1.74932 1
7.17587 2.80845 1.77415 1
7.34194 7.65824 1.50234 1
6.38115 6.21514 1.66606 1
6.87171 3.15596 1.923 1
4.59281 6.91005 1.79519 1
6.70847 3.59513 1.70327 1
4.77585 6.4996 1.12243 1
3.80185 3.06166 1.36452 1
4.6323 4.65676 1.85896 1
6.72113 3.78266 1.94837 1
5.61811 3.32495 1.78568 1
2.07441 5.9629 1.93763 1
5.1524 6.1855 1.0377 1
7.28762 5.16754 1.2123 1
6.5693 4.48217 1.6882 1
3.82643 6.14833 1.81197 1
4.19454 2.99464 1.75512 1
5.93614 3.08676 1.63741 1
7.40177 6.97316 1.43403 1
6.63311 7.97188 1.31557 1
1.83852 3.06641 1.69988 1
2.33249 5.18265 1.3689 1
3.95268 3.61481 1.50912 1
5.52537 2.17596 1.26392 1
3.11741 7.37861 1.78575 1
1.93719 3.39 1.16944 1
8.29162 7.11414 1.16201 1
6.92356 8.34186 1.14036 1
7.0775 7.40464 1.75361 1
5.20006 8.59875 1.02259 1
5.48432 5.54193 1.2089 1
4.49927 6.35658 1.61967 1
4.57004 3.36058 1.50698 1
3.73642 5.16128 1.53171 1
1.88689 2.08766 1.82396 1
2.28036 5.65706 1.26573 1
4.22862 5.19615 1.56173 1
7.93458 6.14173 1.54236 1
2.36865 6.23726 1.7485 1
7.39098 5.07708 1.40476 1
6.87483 5.36793 1.7652 1
2.47186 4.65488 1.11347 1
5.8297 8.21771 1.63094 1
6.95289 7.24797 1.01294 1
7.27338 2.56993 1.77628 1
4.89104 2.69833 1.33836 1
4.36292 2.09745 1.90134 1
5.56076 4.89159 1.68823 1
6.79568 5.86057 1.67215 1
7.39126 7.7801 1.60435 1
5.55932 5.35369 1.9569 1
6.60977 1.92727 1.78042 1
3.27019 2.55926 1.86638 1
5.96607 8.41008 1.20539 1
2.09265 6.31139 1.27986 1
3.50494 2.37054 1.68286 1
6.68414 1.31346 1.00715 1
7.08018 4.97249 1.51667 1
3.75249 5.14174 1.84003 1
4.48632 1.2787 1.16886 1
7.41061 6.32667 1.79773 1
1.95787 2.75311 1.70823 1
8.57238 3.88793 1.24682 1
2.68268 4.97376 1.96344 1
7.64924 4.74246 1.49623 1
2.17245 3.69764 1.82112 1
2.38191 4.71803 1.16233 1
7.39706 6.32427 1.32076 1
6.58424 4.13326 1.60241 1
7.54343 4.94819 1.70405 1
5.25758 6.44099 1.11781 1
5.86621 4.47345 1.40425 1
3.99495 1.92115 1.87996 1
6.36701 1.90819 1.46424 1
5.33844 5.54682 1.23598 1
2.85523 3.19105 1.1382 1
1.73277 4.38336 1.43806 1
6.81582 3.00854 1.69698 1
7.24143 5.58814 1.53752 1
3.31507 6.31041 1.75122 1
3.54728 4.72302 1.99201 1
5.01017 7.06005 1.21021 1
6.27492 7.9151 1.08135 1
4.67353 2.70497 1.89157 1
8.29508 4.42093 1.32091 1
5.97983 4.88094 1.4022 1
2.49025 4.86207 1.98459 1
4.23099 2.16079 1.75904 1
7.94502 3.34879 1.7398 1
2.50788 3.30658 1.11654 1
4.26473 1.92422 1.51883 1
3.50833 1.67678 1.47377 1
5.13506 8.48203 1.02501 1
7.72283 6.49196 1.2735 1
7.27812 4.57411 1.70926 1
5.50142 6.73431 1.28704 1
3.37874 4.84269 1.20466 1
2.39888 2.56034 1.93726 1
3.133 5.13245 1.92146 1
1.99766 6.88085 1.8384 1
3.03632 7.70354 1.76929 1
3.87536 7.00602 1.37921 1
6.55134 7.35078 1.47058 1
2.55273 2.5455 1.643 1
2.12505 1.95144 1.18661 1
1.81398 4.78585 1.80249 1
7.64542 7.05196 1.91344 1
2.46682 5.43708 1.21997 1
7.7172 6.04455 1.59358 1
6.28738 6.44593 1.37728 1
1.56342 2.6708 1.22057 1
8.12387 6.32449 1.0128 1
4.18989 7.73271 1.10691 1
6.73375 6.82427 1.3639 1
3.3752 3.83786 1.23592 1
3.96672 3.45257 1.48083 1
5.91619 3.27055 1.01709 1
3.69285 3.90014 1.67842 1
2.52581 1.37152 1.10536 1
2.54073 3.78812 1.30704 1
7.07218 5.84231 1.20951 1
3.98488 5.40469 1.49055 1
3.37194 2.11936 1.04416 1
7.97842 2.54084 1.41045 1
4.25662 8.14022 1.20968 1
8.2009 4.20111 1.00111 1
1.55852 7.40604 1.36955 1
2.80362 3.20311 1.68755 1
5.3263 5.67826 1.26322 1
1.85081 2.11069 1.22995 1
5.24094 4.69126 1.24058 1
2.30333 6.14887 1.18801 1
3.10014 4.03078 1.23735 1
4.52981 2.92192 1.29075 1
6.77438 5.86602 1.40666 1
8.64974 5.63467 1.24438 1
6.41909 5.18214 1.6346 1
6.92919 5.9197 1.22357 1
7.0318 8.23334 1.30856 1
7.69972 3.04104 1.73579 1
8.04838 2.69677 1.94865 1
2.48684 4.94177 1.88853 1
7.66812 1.93702 1.36614 1
2.26387 1.47297 1.26412 1
8.61861 8.35297 1.33997 1
7.14352 5.46406 1.75099 1
6.23674 6.96037 1.78628 1
3.84272 7.11963 1.10171 1
4.88146 8.06254 1.13655 1
4.77075 4.03011 1.44206 1
6.07217 1.69431 1.44681 1
7.2195 8.1682 1.47602 1
5.52387 3.03767 1.96298 1
7.69475 7.37608 1.2342 1
7.85139 6.85215 1.73658 1
5.35393 3.32213 1.46031 1
2.09992 8.39088 1.5925 1
5.33893 4.04694 1.63554 1
7.21796 3.20077 1.38866 1
6.69085 6.00005 1.44804 1
6.92494 2.98241 1.92386 1
3.69747 4.37054 1.37002 1
2.89957 4.95061 1.41113 1
1.82934 3.20093 1.02736 1
5.17715 2.53973 1.61598 1
2.90537 8.73584 1.23777 1
7.93677 8.66372 1.18875 1
8.61069 7.13018 1.01278 1
3.71056 4.24992 1.62439 1
4.97582 7.46853 1.65972 1
5.83786 3.3849 1.24263 1
2.07743 1.52885 1.08374 1
2.96946 3.05604 1.95365 1
1.47351 3.33176 1.05497 1
1.4892 7.90327 1.21177 1
4.2685 6.29998 1.88087 1
2.80861 7.0303 1.02383 1
6.97239 2.04343 1.86506 1
6.23787 1.24884 1.10567 1
7.16556 2.91499 1.38387 1
2.03604 5.34359 1.66416 1
4.29562 6.8055 1.35341 1
2.07587 7.65388 1.41997 1
7.9433 6.24885 1.73554 1
2.03697 8.49529 1.36989 1
4.63522 1.65879 1.47899 1
4.97507 7.86418 1.53584 1
1.21634 8.88989 1.05797 1
5.15963 1.227 1.08196 1
6.20587 8.1877 1.34978 1
8.37691 5.03463 1.00141 1
3.32028 5.62331 1.48698 1
2.15165 5.48938 1.2238 1
1.5452 4.46873 1.33679 1
8.28973 7.75466 1.28334 1
5.20874 4.43792 1.00643 1
2.67544 2.6293 1.55143 1
7.56068 3.34146 1.59377 1
2.63739 5.1533 1.53532 1
8.72246 5.17296 1.17087 1
5.98899 4.45652 1.23541 1
2.04425 1.91989 1.0321 1
7.54106 1.37344 1.27514 1
6.4462 8.65704 1.09253 1
6.14356 8.27518 1.21115 1
7.44315 5.43288 1.99453 1
4.28192 5.81673 1.22481 1
5.97394 7.15267 1.32011 1
6.90831 3.00538 1.09981 1
4.116 3.6336 1.72195 1
2.4067 3.43528 1.36417 1
2.94558 4.81286 1.76252 1
4.9413 4.34443 1.98602 1
7.41958 2.10486 1.48208 1
4.96657 6.65566 1.59724 1
3.14462 3.99236 1.35791 1
5.21838 1.69864 1.56709 1
2.29467 2.91059 1.54979 1
6.48238 1.69325 1.46266 1
6.4909 1.74245 1.5867 1
4.62151 6.17709 1.57225 1
4.5945 5.49718 1.72284 1
3.08232 8.10418 1.82601 1
4.17512 2.54428 1.12739 1
5.80898 1.87723 1.68077 1
6.14428 7.40108 1.66887 1
7.03477 7.69585 1.61847 1
4.87609 7.96278 1.45932 1
6.57328 4.03585 1.10659 1
2.07163 5.74644 1.90371 1
5.53862 3.92994 1.63237 1
1.43635 8.49112 1.34965 1
3.86685 2.87362 1.61056 1
4.19758 4.1887 1.65404 1
6.88793 6.0189 1.2128 1
6.65477 3.81869 1.28155 1
6.99688 8.42939 1.37469 1
5.04457 7.68376 1.66109 1
5.81997 6.00166 1.28157 1
7.69818 4.25615 1.86373 1
2.24032 4.28682 1.49461 1
6.56562 3.46823 1.19691 1
3.5813 4.88714 1.47991 1
3.94172 6.50177 1.82518 1
4.66032 5.13269 1.87687 1
8.4126 6.31427 1.22578 1
4.07085 5.72754 1.47145 1
5.62449 7.46209 1.03661 1
1.72633 6.38751 1.25254 1
7.13387 1.90818 1.29226 1
1.98211 3.27076 1.29478 1
6.37398 6.03537 1.87224 1
6.34534 4.09949 1.95042 1
1.67627 5.86297 1.52923 1
2.47796 5.03986 1.85794 1
5.14203 3.209 1.70472 1
5.07096 2.52788 1.93668 1
3.12565 7.48011 1.96231 1
7.73161 3.96557 1.45954 1
6.42112 8.08398 1.14246 1
4.31801 7.64825 1.87576 1
6.52464 6.66194 1.79609 1
7.55716 7.08164 1.79594 1
4.46564 7.96981 1.1063 1
2.16875 2.00798 1.63463 1
2.16163 5.90074 1.71271 1
5.32602 7.62794 1.3734 1
5.59177 1.24512 1.07582 1
3.52572 2.90978 1.3602 1
6.28011 7.11248 1.17357 1
1.30381 3.74209 1.255 1
4.07541 6.22036 1.57721 1
7.29334 5.22127 1.62646 1
3.44421 2.70264 1.96066 1
5.00746 3.56972 1.60708 1
7.35325 2.38903 1.82152 1
7.93033 7.96962 1.52755 1
1.85588 4.78933 1.31737 1
3.86163 2.61864 1.60327 1
6.66903 1.40311 1.36742 1
5.29366 6.45671 1.01536 1
3.39854 6.54085 1.40081 1
6.66292 5.42331 1.06969 1
5.60717 7.84476 1.62614 1
4.17409 8.31216 1.48293 1
2.08314 6.18156 1.51107 1
4.81111 3.28245 1.90643 1
2.36907 3.04877 1.72127 1
5.44885 3.23955 1.69065 1
4.9291 2.39459 1.61979 1
7.75959 7.5477 1.97199 1
7.14905 1.91232 1.35473 1
7.1461 4.4621 1.73821 1
4.66224 4.89906 1.98963 1
4.64908 6.22295 1.97196 1
6.91501 6.47101 1.7994 1
6.25074 2.64243 1.77701 1
7.35249 3.96916 1.11465 1
4.5901 3.0106 1.97481 1
4.10372 2.59781 1.05641 1
2.20813 6.94489 1.04132 1
6.93832 4.92638 1.98946 1
7.49036 7.72898 1.30297 1
3.80341 6.30457 1.97885 1
3.94503 1.56228 1.37971 1
2.31395 7.4622 1.89961 1
3.42295 7.90288 1.85636 1
4.05877 5.77734 1.63563 1
7.41062 8.60054 1.31674 1
6.17371 2.85533 1.80186 1
3.14916 5.11271 1.38609 1
6.92129 2.97479 1.39207 1
5.2164 6.48484 1.94153 1
2.0077 8.11333 1.29671 1
3.80509 4.42115 1.09394 1
4.26278 4.33755 1.81106 1
4.92408 4.53896 1.95143 1
8.22653 1.25612 1.25167 1
1.57938 7.85179 1.48431 1
6.35559 6.12316 1.4745 1
6.58254 4.45065 1.47799 1
6.17739 5.27497 1.0883 1
5.3005 7.04831 1.54387 1
4.75204 7.40967 1.7515 1
5.86518 5.19349 1.67629 1
1.57445 5.83024 1.24349 1
4.5469 6.36099 1.72252 1
4.74476 2.88501 1.98973 1
4.86657 6.22445 1.99501 1
8.03981 1.22513 1.05438 1
5.29828 5.38242 1.25546 1
1.96564 3.31922 1.13935 1
3.2485 2.82458 1.89568 1
7.5748 2.29982 1.81759 1
7.89308 7.47095 1.43458 1
4.27249 3.96109 1.74824 1
7.5408 6.19288 1.19674 1
2.133 5.67374 1.98776 1
3.58671 4.37833 1.95472 1
2.72542 7.04352 1.20701 1
5.28885 2.4597 1.84375 1
3.2341 2.18083 1.89118 1
4.88022 4.25676 1.95378 1
5.73854 3.02201 1.52283 1
4.09405 6.33208 1.03097 1
7.00131 3.35583 1.81882 1
4.65188 7.83942 1.27294 1
3.13555 3.37393 1.74704 1
5.24133 3.6887 1.66464 1
3.93638 5.75587 1.35423 1
2.24317 4.07345 1.71788 1
2.25316 7.27938 1.0552 1
8.4325 4.08221 1.06902 1
8.2117 7.64581 1.35811 1
3.19392 7.89973 1.50866 1
4.90911 6.90913 1.82519 1
5.60318 7.87935 1.30204 1
8.0054 8.64937 1.27331 1
2.57864 6.85937 1.16308 1
4.71202 5.49898 1.31191 1
3.7764 2.33499 1.94005 1
7.79055 1.91004 1.47512 1
7.47855 2.17623 1.4215 1
5.23236 3.65158 1.26402 1
7.51727 4.45202 1.10258 1
4.50395 5.57568 1.33045 1
3.79187 2.10418 1.76149 1
2.09271 3.0748 1.26645 1
6.24033 6.05261 1.49219 1
2.35174 6.13237 1.40291 1
3.73376 3.68966 1.16459 1
7.71954 6.34598 1.57751 1
3.72949 2.71568 1.2503 1
4.07803 6.09782 1.69518 1
2.63727 5.79836 1.32658 1
2.33454 6.10874 1.82708 1
6.92316 6.41492 1.35439 1
2.44716 7.17907 1.33408 1
3.10979 3.67074 1.9789 1
5.81546 5.01186 1.02964 1
4.23486 4.60796 1.44282 1
2.87115 1.65769 1.39194 1
8.3107 6.40956 1.39313 1
5.97542 4.03186 1.53617 1
6.95825 6.61972 1.07965 1
6.04716 4.63755 1.05334 1
3.23889 7.55333 1.6452 1
6.27614 8.10613 1.12249 1
5.78278 7.75267 1.94202 1
4.86542 3.10327 1.74664 1
5.84018 5.81317 1.16802 1
4.07662 5.58371 1.95982 1
4.39053 4.95604 1.87294 1
8.49367 5.5611 1.2312 1
4.16339 8.48091 1.46807 1
3.70123 5.63383 1.25609 1
6.44007 2.20438 1.31369 1
7.19082 2.01884 1.56071 1
2.76961 5.65364 1.02657 1
2.79622 7.79626 1.00313 1
2.85795 5.83088 1.83012 1
8.2923 7.05978 1.40393 1
3.07734 8.73308 1.05112 1
4.40835 6.7016 1.56093 1
7.30769 3.7542 1.27573 1
3.41582 1.77933 1.13303 1
4.7933 4.9149 1.34687 1
3.13189 2.54206 1.55859 1
3.69084 6.35696 1.59674 1
3.64193 2.33484 1.07069 1
3.1222 5.47031 1.77173 1
1.63503 4.63187 1.5139 1
4.65723 7.81791 1.97916 1
5.38443 2.24975 1.98401 1
5.15259 5.71848 1.83141 1
4.63102 5.95969 1.83219 1
6.63018 6.94714 1.22747 1
8.29547 4.95504 1.57607 1
8.654 1.1633 1.05381 1
7.19495 4.66966 1.71859 1
4.56065 8.63798 1.26717 1
5.6483 3.4544 1.33882 1
7.93894 7.96589 1.66845 1
6.43582 1.45038 1.1873 1
4.22793 8.33215 1.66561 1
5.50706 2.62044 1.03081 1
5.49637 2.51636 1.9458 1
6.09187 7.46344 1.69159 1
2.67396 6.68118 1.50423 1
2.72173 4.0401 1.34407 1
5.38758 8.41234 1.15521 1
6.19246 5.66997 1.10464 1
5.28841 7.99929 1.19362 1
6.27698 4.42546 1.76719 1
4.2837 8.29151 1.27434 1
5.29819 2.30429 1.09328 1
5.0382 7.97703 1.77784 1
5.50378 8.42751 1.38884 1
4.22289 2.64104 1.60919 1
5.801 8.31826 1.48507 1
6.60203 2.83411 1.0304 1
4.87137 3.06263 1.50863 1
4.97392 7.95715 1.4859 1
7.81169 2.49248 1.54933 1
6.06071 4.90089 1.3703 1
4.10942 3.95418 1.33321 1
4.38566 5.40758 1.92416 1
8.56424 6.71907 1.38472 1
8.54984 7.57357 1.28865 1
5.79589 6.342 1.4024 1
6.69479 7.4074 1.33373 1
3.9677 5.54606 1.80503 1
5.07288 7.00012 1.06798 1
6.58521 4.55699 1.2848 1
2.08915 6.79621 1.24101 1
5.70622 3.24015 1.3776 1
6.60406 4.84437 1.99533 1
7.181 1.20062 1.15906 1
6.71091 2.91151 1.24235 1
4.58735 5.28259 1.99935 1
2.86823 4.2149 1.60575 1
2.77582 8.12681 1.59183 1
3.4473 7.8427 1.62542 1
3.50768 2.94421 1.76438 1
7.68998 8.07984 1.77523 1
1.38421 5.11879 1.21401 1
7.36747 6.4112 1.86752 1
6.71002 3.48134 1.44434 1
5.72056 5.513 1.65089 1
3.69169 1.72083 1.6066 1
3.35461 2.33242 1.01181 1
8.552 5.62765 1.14504 1
2.5112 5.60618 1.07718 1
1.9895 5.44038 1.51553 1
5.24587 5.92658 1.70307 1
8.37833 6.14058 1.21754 1
4.51104 5.80113 1.59661 1
7.09304 3.73922 1.36141 1
4.81591 7.92436 1.53113 1
5.03343 7.18424 1.84541 1
4.27569 4.46193 1.94956 1
2.96771 5.92698 1.75499 1
2.66702 7.43503 1.71646 1
5.96856 5.29645 1.69678 1
2.71461 6.87164 1.77703 1
3.93591 2.88404 1.3483 1
4.55683 5.44572 1.99426 1
6.42896 2.36449 1.81223 1
2.07691 1.8408 1.55513 1
6.73833 8.3041 1.5484 1
2.3871 4.59676 1.40274 1
2.9312 3.12389 1.38541 1
3.64828 4.55454 1.49678 1
5.36879 2.12371 1.53483 1
4.085 4.46061 1.85648 1
1.83324 4.33905 1.2091 1
5.64644 2.81288 1.28453 1
8.03636 7.68681 1.93828 1
7.72347 4.06522 1.91513 1
5.12236 6.42957 1.55737 1
4.99688 6.40845 1.79392 1
5.95875 4.79158 1.71749 1
7.38953 4.70357 1.88279 1
2.4274 2.85489 1.38445 1
2.59824 7.36098 1.49108 1
5.08113 4.24593 1.42637 1
6.66196 1.72315 1.55749 1
3.20334 4.95495 1.97502 1
6.52421 5.75684 1.39106 1
5.72413 1.82328 1.55975 1
2.86989 6.58933 1.23425 1
4.73893 3.41287 1.78927 1
5.79551 6.97918 1.08403 1
8.25919 4.49692 1.24945 1
1.89346 3.00521 1.35399 1
7.11975 2.25254 1.01817 1
7.17257 8.09174 1.09628 1
8.3098 8.45206 1.39525 1
6.70721 2.11659 1.86117 1
5.32519 7.80606 1.88081 1
5.77224 2.30802 1.57513 1
8.45507 4.75227 1.13406 1
5.14508 3.38952 1.68298 1
3.61615 3.12656 1.22097 1
7.49414 5.131 1.24972 1
7.67606 7.78304 1.46756 1
4.47178 5.81208 1.26715 1
2.46243 4.28697 1.65299 1
6.84461 3.88884 1.76607 1
4.68254 3.08268 1.57907 1
4.33385 6.61265 1.60404 1
2.02006 3.11643 1.335 1
8.07074 2.58616 1.6978 1
4.27861 7.99535 1.43162 1
6.36453 6.76706 1.39708 1
2.84458 3.02074 1.88377 1
5.47347 4.73443 1.89486 1
8.75597 7.75125 1.00964 1
2.91192 5.91035 1.87366 1
3.95007 6.32097 1.49461 1
2.78818 6.52104 1.4747 1
1.96019 2.91019 1.44565 1
6.17162 5.84038 1.3981 1
6.21917 5.57687 1.64467 1
8.0539 7.71591 1.60957 1
3.94504 5.11735 1.27651 1
4.19305 4.44645 1.72263 1
7.04519 3.50286 1.49273 1
6.68645 2.35258 1.25007 1
2.85212 8.24284 1.68392 1
3.95455 7.79252 1.49778 1
1.57964 3.67142 1.54741 1
3.64743 5.38695 1.45706 1
5.44505 2.40568 1.63808 1
5.91244 3.37348 1.04864 1
3.58158 1.78918 1.75258 1
6.43899 3.47566 1.58951 1
8.0647 8.46635 1.29373 1
2.50334 2.57627 1.49634 1
3.96343 4.93447 1.30269 1
5.31542 4.49957 1.41789 1
2.66159 5.8862 1.20576 1
4.38909 5.78041 1.44431 1
4.38816 3.1344 1.96418 1
8.25277 6.07224 1.52446 1
2.03511 6.57976 1.87123 1
7.9466 5.37133 1.37899 1
5.16138 5.53018 1.98717 1
8.35781 7.54754 1.21786 1
3.81161 3.04677 1.99156 1
2.91765 3.94934 1.54654 1
7.42648 5.00464 1.64333 1
1.69565 4.94598 1.19473 1
2.83148 3.3354 1.56922 1
6.23432 6.90857 1.39184 1
1.55234 3.00203 1.07831 1
5.63613 2.67871 1.85258 1
1.4567 3.32006 1.04742 1
8.68954 3.0768 1.1336 1
4.40949 8.24591 1.67153 1
7.69169 2.35547 1.95336 1
6.04553 4.85129 1.31402 1
4.72472 1.74859 1.28475 1
1.30171 5.10424 1.00385 1
5.56054 7.8868 1.25775 1
5.75904 2.6646 1.86961 1
7.08344 7.77848 1.33179 1
8.28236 2.38888 1.62912 1
5.65603 2.3701 1.57105 1
4.3406 5.47939 1.05406 1
5.12707 3.47218 1.3063 1
2.36181 3.90286 1.46161 1
3.42202 5.93901 1.58019 1
4.30077 4.84297 1.20886 1
5.07559 4.23707 1.43155 1
7.6944 3.38251 1.91582 1
4.69031 2.8117 1.25962 1
4.77899 3.89953 1.53219 1
3.09229 7.57441 1.31402 1
8.16735 7.14608 1.42512 1
2.15852 2.54352 1.84592 1
4.18342 1.87483 1.45061 1
7.27552 8.64564 1.24983 1
3.24533 3.33279 1.46506 1
5.3013 3.35426 1.89604 1
3.92967 8.34219 1.23893 1
1.65368 7.71451 1.58881 1
7.46963 3.68205 1.80792 1
2.66797 6.31591 1.47761 1
8.61083 5.45673 1.37599 1
8.67136 3.90563 1.20297 1
6.75251 4.48353 1.97252 1
8.32283 7.94757 1.27988 1
3.90239 2.23429 1.44117 1
2.65292 3.21412 1.37249 1
2.17815 3.11196 1.56922 1
7.78952 2.17047 1.03272 1
4.76703 7.33558 1.0411 1
8.04339 3.16285 1.95311 1
4.17542 3.49847 1.89137 1
8.24243 7.97471 1.56992 1
4.62032 5.03093 1.79699 1
3.09168 5.46445 1.31258 1
5.68695 7.33061 1.42744 1
5.8847 6.57447 1.9382 1
4.8916 2.76596 1.75836 1
3.06595 2.39679 1.65112 1
4.56771 3.02897 1.23707 1
5.96332 1.89917 1.26718 1
4.42048 7.95934 1.47135 1
4.90905 8.45665 1.39408 1
2.73741 3.7917 1.93343 1
5.77989 2.66296 1.17826 1
3.42689 7.60593 1.00935 1
2.31942 5.8306 1.25394 1
2.9794 1.66771 1.1822 1
7.21098 2.4736 1.88074 1
5.067 7.08754 1.90142 1
8.4757 3.17686 1.29193 1
6.48717 4.19728 1.71896 1
6.72054 3.03228 1.32606 1
4.48894 5.73979 1.65085 1
8.18529 6.43203 1.69235 1
1.88568 3.16106 1.72074 1
4.33812 5.29351 1.3898 1
7.55284 4.13941 1.42593 1
5.20438 6.99391 1.55406 1
1.47554 6.59714 1.45956 1
7.38941 2.50644 1.23575 1
5.22077 7.94159 1.71651 1
4.74813 8.13167 1.62711 1
3.50543 2.04708 1.04405 1
6.25006 5.01729 1.75901 1
7.44309 6.00892 1.74201 1
5.65206 4.8128 1.06784 1
6.61386 6.79135 1.88571 1
7.85059 6.77517 1.7195 1
4.33271 8.03447 1.78133 1
1.96898 3.34356 1.86793 1
7.45929 3.56078 1.6838 1
6.08939 4.12788 1.76077 1
5.36319 2.98264 1.48969 1
3.79099 3.89243 1.5764 1
4.90057 2.83052 1.7724 1
4.4566 7.37533 1.58192 1
7.02501 6.34215 1.67634 1
3.88321 1.8474 1.77775 1
7.51978 6.35982 1.83946 1
6.84972 7.63251 1.89319 1
1.48795 6.50003 1.13787 1
7.22476 3.54466 1.97954 1
4.90113 7.48307 1.10388 1
4.08811 7.85925 1.06509 1
2.31342 7.31151 1.84942 1
7.41811 6.04506 1.37033 1
1.40995 4.91048 1.34725 1
6.54344 4.95815 1.82912 1
5.80961 7.16178 1.60696 1
2.55259 4.1643 1.83016 1
7.41135 3.61073 1.15561 1
1.71873 3.65178 1.38645 1
3.86797 5.05637 1.67377 1
3.42011 7.47924 1.46194 1
7.34824 3.11583 1.34201 1
5.83389 5.09658 1.41225 1
2.65221 4.53793 1.15866 1
2.38342 5.77739 1.99205 1
4.92293 2.12292 1.86726 1
2.23767 7.78668 1.30571 1
3.98803 3.90452 1.03586 1
7.23968 8.4413 1.17931 1
3.05769 8.37179 1.21551 1
8.82473 1.15212 1.01574 1
5.7473 1.56092 1.25834 1
6.55439 8.15525 1.44547 1
4.15186 5.6378 1.75309 1
6.15668 7.14191 1.94194 1
3.08053 6.28627 1.30479 1
1.63974 2.75835 1.18672 1
3.48464 2.71786 1.23137 1
6.92726 4.21698 1.96457 1
6.33786 4.02164 1.46115 1
3.58891 4.66097 1.53722 1
6.66397 5.13571 1.17943 1
6.70479 4.35237 1.44516 1
7.5947 4.23628 1.61647 1
4.0552 6.22556 1.24035 1
1.67984 2.60766 1.01808 1
2.0007 3.30431 1.88158 1
5.48211 3.83425 1.80276 1
6.35294 8.28933 1.3764 1
3.76444 5.65405 1.66168 1
7.06523 4.33737 1.55568 1
1.96562 6.40622 1.03257 1
6.26293 8.40851 1.45927 1
5.07532 1.91854 1.68042 1
6.28733 8.01714 1.05505 1
3.99345 2.7982 1.81715 1
2.51524 2.93634 1.92423 1
4.72885 1.58471 1.33707 1
1.85284 4.98951 1.53588 1
1.82741 6.77918 1.66362 1
1.54293 6.26529 1.06731 1
3.53593 2.75152 1.65622 1
4.81765 2.23576 1.22942 1
1.73666 1.40898 1.24237 1
2.30106 5.39648 1.29813 1
1.19832 5.27908 1.08466 1
7.18127 7.08916 1.09751 1
1.79723 3.85363 1.58721 1
2.39809 7.47669 1.45763 1
7.84721 5.63666 1.56684 1
7.5656 5.41787 1.75885 1
2.36453 3.03779 1.35312 1
6.23541 5.9106 1.84408 1
1.2762 2.50189 1.05017 1
3.31979 2.07609 1.51756 1
8.23324 1.66305 1.30454 1
3.56953 7.68241 1.34032 1
3.22357 6.88376 1.93511 1
3.87371 3.19914 1.7917 1
6.83293 4.33155 1.00179 1
6.22866 3.89657 1.82692 1
6.36032 8.63814 1.24882 1
7.90384 5.8693 1.66378 1
3.94896 7.35573 1.25587 1
5.17996 8.32453 1.32853 1
4.61361 7.26262 1.33342 1
8.20574 2.06357 1.44587 1
1.60997 1.35387 1.32741 1
6.84069 6.65489 1.41605 1
2.47923 6.37301 1.91721 1
3.03197 3.56888 1.10534 1
8.17916 3.78 1.09398 1
2.16618 2.83309 1.94107 1
4.65754 6.08952 1.79874 1
2.1765 1.89444 1.57975 1
8.36637 4.31178 1.55327 1
1.85416 3.0452 1.68918 1
3.4624 8.20031 1.49964 1
1.80791 8.08306 1.72276 1
5.66704 4.86002 1.94622 1
3.30005 5.88382 1.38041 1
5.5706 7.46235 1.44632 1
3.12646 8.44344 1.0857 1
7.79516 6.2119 1.74729 1
6.59446 1.46183 1.4101 1
7.37646 7.94555 1.11104 1
4.7882 6.95814 1.91734 1
4.66794 7.84757 1.14835 1
2.72709 7.5951 1.05457 1
1.94871 4.92762 1.84894 1
4.16753 8.02904 1.96161 1
4.60494 7.27735 1.43 1
1.09434 7.0443 1.00638 1
4.76429 6.43353 1.14716 1
2.60475 4.06073 1.30025 1
5.42624 5.7621 1.099 1
7.10051 7.49221 1.24831 1
1.15063 3.59978 1.03988 1
6.18376 4.82473 1.17742 1
8.4932 6.01688 1.11923 1
8.89392 4.00991 1.09466 1
4.07294 3.72034 1.31491 1
5.47909 2.54951 1.20897 1
6.54908 7.96893 1.32151 1
1.43518 1.40203 1.03162 1
3.13485 2.62424 1.00301 1
7.40356 2.53024 1.22658 1
1.1537 8.90522 1.00446 1
6.58156 5.57493 1.59081 1
4.68116 8.87466 1.10677 1
5.63027 6.73218 1.44001 1
7.27361 6.49199 1.48096 1
5.58692 4.82004 1.15367 1
4.30032 3.72626 1.16072 1
2.68805 4.50221 1.403 1
5.79376 4.81651 1.59979 1
1.15461 1.97877 1.09279 1
2.9072 3.55115 1.62523 1
4.50818 3.02304 1.69107 1
3.73199 6.45908 1.62472 1
7.23438 2.08008 1.36652 1
1.56401 7.94067 1.24143 1
3.23183 3.78227 1.49161 1
7.53634 4.37326 1.05092 1
7.60865 5.76228 1.98396 1
4.55631 3.53688 1.0352 1
3.32548 7.25437 1.49391 1
6.60831 2.82562 1.68859 1
6.47601 6.75132 1.63483 1
3.92907 8.24849 1.2113 1
1.99527 6.16977 1.40484 1
6.29905 7.91477 1.39363 1
5.93421 7.6193 1.28262 1
3.45315 5.50095 1.51067 1
4.81317 7.65926 1.85924 1
3.04139 7.42713 1.60429 1
7.90918 6.4587 1.35951 1
2.95524 2.09727 1.63014 1
2.36038 4.09726 1.95984 1
5.2168 7.85489 1.16814 1
6.30543 6.54277 1.22268 1
3.54064 3.54137 1.39432 1
4.01762 4.49207 1.56709 1
8.31873 6.94922 1.52116 1
2.32302 8.0412 1.2209 1
7.90543 7.1593 1.36159 1
4.26433 6.8423 1.86267 1
7.23488 7.39842 1.36519 1
7.64167 3.53059 1.08173 1
6.01318 1.9632 1.3338 1
4.18751 6.87673 1.81071 1
5.28595 4.92763 1.74464 1
8.17249 6.656 1.18648 1
3.3154 4.16724 1.96878 1
5.74399 4.95471 1.94223 1
2.40961 8.09011 1.76719 1
4.07577 3.58201 1.23981 1
2.20037 3.42007 1.71091 1
4.07229 3.97869 1.19426 1
4.09667 1.32567 1.0544 1
2.39039 8.12334 1.22484 1
3.28856 5.09468 1.52566 1
4.21351 6.9915 1.99369 1
7.66931 6.71382 1.65425 1
2.36891 8.59973 1.24551 1
7.89531 8.21143 1.52282 1
7.6805 3.47923 1.60352 1
3.28347 2.28625 1.17003 1
7.46887 3.71821 1.2913 1
6.4276 6.70965 1.17775 1
6.31349 6.69364 1.87584 1
6.70331 5.59903 1.9572 1
3.16133 6.87945 1.41416 1
7.28974 5.63514 1.47408 1
4.79553 7.87558 1.17737 1
4.12585 3.06059 1.45976 1
4.92495 5.46884 1.81351 1
3.66588 3.91627 1.38417 1
2.99651 6.50218 1.92401 1
8.83463 7.21156 1.08228 1
2.0088 2.48325 1.88052 1
5.81517 1.21313 1.01036 1
6.44044 5.27535 1.38275 1
3.82691 6.01538 1.32235 1
6.61428 2.62736 1.60251 1
4.95157 8.27492 1.22568 1
7.31739 4.93534 1.68556 1
8.7168 2.47532 1.20793 1
6.61258 8.69342 1.28972 1
5.46606 3.95035 1.86347 1
8.1143 3.21888 1.19333 1
7.97065 4.51822 1.58973 1
8.89666 2.62485 1.08204 1
6.65075 7.93974 1.11193 1
2.05514 7.77021 1.48982 1
6.92581 4.61052 1.93992 1
7.33047 6.5519 1.14584 1
6.50321 3.48332 1.50662 1
6.5322 3.91651 1.36814 1
6.46777 7.55444 1.39153 1
6.30488 2.14879 1.51031 1
2.08278 8.25888 1.24317 1
4.36089 2.60363 1.55147 1
7.87565 2.66177 1.88593 1
6.85606 6.77348 1.31785 1
6.90778 6.3456 1.28352 1
3.11829 6.54875 1.01055 1
1.59488 4.71836 1.06909 1
8.36615 2.90947 1.17726 1
8.63349 1.73623 1.07328 1
4.19262 7.02614 1.49989 1
1.71963 5.55606 1.67899 1
4.97286 7.18328 1.15513 1
7.97184 2.91621 1.74756 1
7.9963 4.87102 1.37292 1
1.28023 2.02155 1.09185 1
7.29737 4.54677 1.82207 1
3.84292 4.40593 1.84757 1
2.58248 5.39257 1.45742 1
3.16546 7.64788 1.33699 1
6.17534 1.96352 1.9308 1
3.74418 7.48586 1.7135 1
8.0841 8.40204 1.38645 1
8.86043 8.69279 1.0574 1
1.79145 6.54276 1.63157 1
2.49542 2.6638 1.82749 1
5.85285 4.55086 1.60815 1
3.67114 4.5959 1.67973 1
4.18357 7.4323 1.44268 1
6.52695 8.61736 1.00289 1
7.13158 4.95444 1.50475 1
3.34124 4.27087 1.34311 1
6.75191 2.72715 1.94667 1
3.19646 6.68415 1.68803 1
3.48254 8.45074 1.32602 1
7.45856 1.38889 1.38469 1
