1.01961 19.6642
1.03922 19.8814
1.05882 20.1002
1.07843 20.3206
1.09804 20.5426
1.11765 20.7664
1.13725 20.9919
1.15686 21.2193
1.17647 21.4486
1.19608 21.68
1.21569 21.9135
1.23529 22.1492
1.2549 22.3872
1.27451 22.6277
1.29412 22.8707
1.31373 23.1164
1.33333 23.3648
1.35294 23.6162
1.37255 23.8707
1.39216 24.1285
1.41176 24.3897
1.43137 24.6545
1.45098 24.9232
1.47059 25.1959
1.4902 25.473
1.5098 25.7546
1.52941 26.0411
1.54902 26.3329
1.56863 26.6302
1.58824 26.9335
1.60784 27.2433
1.62745 27.5601
1.64706 27.8845
1.66667 28.2171
1.68627 28.5587
1.70588 28.9103
1.72549 29.2728
1.7451 29.6475
1.76471 30.0359
1.78431 30.4399
1.80392 30.8615
1.82353 31.3036
1.84314 31.7699
1.86275 32.2651
1.88235 32.7958
1.90196 33.3714
1.92157 34.0065
1.94118 34.7256
1.96078 35.5764
1.98039 36.6824
